2.982697486877441406e+00
3.514063905000686550e+00
3.460206207275390522e+00
3.394105275630951102e+00
3.392970509529113610e+00
3.330858145236969214e+00
3.281934096813202029e+00
3.262451903104782058e+00
3.260628880262375073e+00
3.204784965515136808e+00
3.216949805259704753e+00
3.129229332685470766e+00
3.171080641508102538e+00
3.103314146041870281e+00
3.056596635580062671e+00
3.088344599246978905e+00
3.055169187307357870e+00
2.996907639741897444e+00
2.930320816278457752e+00
2.966203103065490509e+00
2.948535700798034842e+00
2.861961838960647597e+00
2.916123594284057763e+00
2.858932856321334981e+00
2.856328605532646225e+00
2.889493909120559589e+00
2.808250154733658022e+00
2.798080777764320182e+00
2.808186608910560711e+00
2.788618476629256993e+00
2.792086352467536781e+00
2.740718490242957994e+00
2.749403663992881608e+00
2.665997560143470668e+00
2.668251918435096570e+00
2.702608204245567247e+00
2.666836231827736103e+00
2.612670176863670424e+00
2.619679444551467729e+00
2.648752831101417460e+00
2.581663451910019003e+00
2.625107080936432080e+00
2.587463742494583219e+00
2.575948354005813457e+00
2.594337098717689472e+00
2.567104644656181378e+00
2.524827069401740953e+00
2.568207545399666003e+00
2.556360115408897293e+00
2.565810967206954896e+00
2.596455174207687566e+00
2.541302815198898113e+00
2.463095932722091597e+00
2.549254558086395228e+00
2.494214597821235557e+00
2.503335899591446090e+00
2.471235953569412391e+00
2.439072810053825258e+00
2.477982335209846454e+00
2.457505578398704316e+00
2.467452450752258386e+00
2.453190748095512408e+00
2.435128861188888383e+00
2.415709034085273821e+00
2.383036790370941294e+00
2.412578207492828586e+00
2.378789084672928045e+00
2.413442147850990427e+00
2.361311362624168186e+00
2.358053221940994426e+00
2.375962496161460713e+00
2.311487264633178551e+00
2.395155908346175977e+00
2.356085282325744767e+00
2.391945825695991346e+00
2.315185483336448691e+00
2.344122434496879404e+00
