3.276924743652343750e+02
1.226750495223999025e+02
1.042824662933349629e+02
9.614041815948486658e+01
9.057082538604736044e+01
8.721257595443725563e+01
8.515088750457763922e+01
8.234692228317260287e+01
8.060044548034667855e+01
8.024548628616332735e+01
7.900002688217162472e+01
7.771798014068603777e+01
7.592270166397094044e+01
7.683285512924194904e+01
7.548778914642333859e+01
7.333567371749877850e+01
7.441775354385376318e+01
7.349458845520020134e+01
7.197679838562011412e+01
7.170319419097900493e+01
7.186059871673583643e+01
7.040290295410156318e+01
7.170284433364868448e+01
7.003227691650390341e+01
6.925018656539917572e+01
6.999724909591674304e+01
6.988090902328491438e+01
6.830874029922485136e+01
6.876245237731933457e+01
6.870430017089843489e+01
6.770317247772216263e+01
6.859036293029785725e+01
6.871566631317138274e+01
6.784579164505004201e+01
6.605065830230712720e+01
6.703028448486328728e+01
6.645472224807738826e+01
6.563193968200683059e+01
6.673627536010742745e+01
6.571805088806152639e+01
6.486012585067749114e+01
6.605918219757080578e+01
6.485144593811034497e+01
6.550491913604736283e+01
6.572606193923950002e+01
6.418486090469360761e+01
6.573194752502440963e+01
6.495519595336914165e+01
6.435142090225220102e+01
6.440992046737670762e+01
6.352819803619384942e+01
6.356680247879028656e+01
6.363983563613891903e+01
6.388543865966796886e+01
6.435666296005248910e+01
6.320143331146240229e+01
6.309249103164673045e+01
6.399482148361205702e+01
6.352913494110107706e+01
6.352573190689086857e+01
6.307003584671020491e+01
6.279265624237060450e+01
6.353460228729247916e+01
6.299689363479614457e+01
6.362917448806762621e+01
6.336456167602538869e+01
6.302096213531493873e+01
6.320028692626953415e+01
6.285908896255493516e+01
6.174321919631957911e+01
6.200566426467895553e+01
6.231831376266479339e+01
6.272546184921264967e+01
6.325047769165038858e+01
6.259024845123290959e+01
6.178805421447754043e+01
6.282415594482421994e+01
6.175101117706298481e+01
6.272098602294921932e+01
6.176085453796386560e+01
6.206237128829955907e+01
6.255051473999023415e+01
6.089806537628173544e+01
6.264939804458618511e+01
6.117169130134582389e+01
6.188769046783447436e+01
6.201350149917602295e+01
6.213785147857665692e+01
6.233724398422241109e+01
6.289283049011230275e+01
6.267849390411377186e+01
6.293542720031738469e+01
6.286093080139160350e+01
6.387195478057861209e+01
6.235797299194335608e+01
6.228167071533203369e+01
6.201320949172973940e+01
6.202889654541015574e+01
6.250766979217529240e+01
6.228790313339233364e+01
6.092153722763061552e+01
6.194575540161132921e+01
6.168383854293823276e+01
6.245437103271484602e+01
6.216410799407959331e+01
6.235047439193725438e+01
6.223172120285034481e+01
6.280728211975097963e+01
6.219128530502319308e+01
6.210940383148193433e+01
6.080973288154601875e+01
6.224515016174316173e+01
6.228363605117797874e+01
6.160369395256042679e+01
6.161146567916870254e+01
6.228277749252319495e+01
6.252902767181396371e+01
6.173154752731323214e+01
6.141723920440674078e+01
6.193986147308349643e+01
6.116034192276001136e+01
6.271026054000854799e+01
6.188510604858398523e+01
6.262924626922607274e+01
6.209921129226684400e+01
6.214208084106445540e+01
6.195206850814819433e+01
6.248627092361450508e+01
6.120467215728759669e+01
6.268079352569579754e+01
6.052755953598022387e+01
6.110208286666870237e+01
6.195473508071899715e+01
6.319769844818114990e+01
6.158675749588012849e+01
6.191878496170043888e+01
6.197164965820312688e+01
6.135434305572509572e+01
6.209305746078491239e+01
6.249632984924316759e+01
6.267091788101195959e+01
6.255339870071411212e+01
6.270930152511596845e+01
6.095031378173828074e+01
6.155374343109130564e+01
6.278507303237915238e+01
6.318370527458191077e+01
6.282789241409301439e+01
6.371842400360107206e+01
6.232695661544799748e+01
6.273736511611938482e+01
6.240524651336669848e+01
6.250578311157226352e+01
6.189935542678833258e+01
6.238508285903930783e+01
6.240684304428100404e+01
6.272351533889770536e+01
6.389895243835449179e+01
6.328124332427978516e+01
6.196095487594604379e+01
6.317970436477661167e+01
6.150372100067138348e+01
6.227551750946044962e+01
6.305129785537720011e+01
6.285408291625976318e+01
6.199659711456298794e+01
6.252293940734863043e+01
6.333969820404053053e+01
6.276656195449829312e+01
6.303181355667113905e+01
6.246350032043456935e+01
6.304207389450073151e+01
6.270496134948730571e+01
6.298180992507934661e+01
6.380343104934692633e+01
6.205876134490966933e+01
6.286329487991333309e+01
6.324808549499511656e+01
6.238512323760986078e+01
6.279171728515625261e+01
6.282216606903076439e+01
6.350710697937011417e+01
6.350751388931274732e+01
6.348345196151733205e+01
6.304006871795654376e+01
6.329879244232177626e+01
6.322064161682128969e+01
6.311577524566650510e+01
6.363176249313354305e+01
6.407018672943115689e+01
6.325930479049682731e+01
6.351656372070312528e+01
6.384567329406738168e+01
6.416064448928833031e+01
6.403717865371703510e+01
